2711
1118
634
286
956
1987
2792
1482
2267
1136
2760
772
2302
534
2729
333
2351
2801
781
2446
359
432
262
2509
1123
2663
243
1821
1058
511
791
453
197
2154
546
1296
2798
2032
485
649
1065
394
2160
1111
2987
1322
2902
1754
2303
1907
1388
207
470
1446
831
849
1124
1940
1172
2197
671
1679
2020
2536
1949
888
517
980
2227
2162
1854
294
565
2286
117
1761
2709
2391
2821
113
2233
1906
2869
1306
860
147
2189
1086
1881
2487
2880
1163
1193
1920
325
2364
770
1642
1789
2296
2555
363
1269
660
1513
389
1121
617
2916
1777
751
622
2838
804
572
2396
2924
2699
1772
100
1650
426
1750
2789
153
852
2438
1302
2291
2165
2409
2211
1153
2868
1863
1684
1493
1706
2186
793
1538
2131
288
2859
285
2120
729
1804
84
248
1931
2377
1663
2206
164
1450
2329
48
1798
2146
1741
2741
648
744
1510
590
1079
2328
1514
2969
1597
727
2850
35
2879
1397
2347
1693
1594
1356
2312
1110
1381
2495
139
982
2254
2556
385
2198
2044
2179
2029
2712
1986
186
2430
314
2762
2641
2707
1476
1073
1030
466
366
1238
1099
2272
1366
1254
1577
2946
626
170
864
893
342
2297
1505
2675
636
23
1150
2672
568
1689
2685
647
904
1939
1115
1119
1599
331
2988
1144
2582
2980
2873
1183
1954
2163
2406
2331
535
1242
1013
2287
521
819
1698
200
1102
43
1563
2831
1588
2018
472
732
2349
140
2748
2578
859
1716
2937
1157
1140
2708
2126
320
1795
2153
2367
1273
1359
1968
2429
1637
1867
14
2669
1311
188
1622
2259
2914
1489
697
1796
575
2705
2068
146
867
2234
109
15
1903
689
733
1166
1402
738
2239
2963
461
2240
1797
1240
2661
2215
1052
98
1024
2521
2465
2128
2295
1822
2061
2448
845
1203
2534
1603
233
2250
940
2682
173
681
802
2178
392
1740
1957
973
418
1766
2735
70
1487
2639
2491
1207
2642
2415
1465
1633
2042
743
1762
963
180
2702
656
414
2460
2060
931
189
1351
2011
2774
2786
1840
2174
1655
544
87
2037
2846
1138
811
1393
1180
2384
1526
244
1401
1328
127
2365
2974
1447
1258
2102
2553
1059
641
1955
1659
283
479
645
2133
2001
2180
2039
1535
2177
1042
427
94
2863
2062
412
2049
2694
2024
1598
1218
2704
2865
350
1517
1413
346
2525
509
1455
619
82
1818
1422
1332
1112
519
163
338
1630
2350
1440
1638
2701
661
1113
2050
376
2615
1925
2616
2528
760
605
73
528
2925
2452
138
1461
1729
1990
1264
1876
1251
1928
298
2673
1420
651
2336
2152
2003
1037
2591
2571
2761
1800
1262
2668
304
754
1363
1911
1071
678
90
442
1661
2737
1426
844
2431
227
29
1988
2339
2294
2896
2433
2576
1627
872
1600
2033

